007937
008340
009462
000992
008440
009963
008839
002041
002363
005633
004375
008910
007134
008762
004993
006101
002331
009888
009534
003442
005529
005284
006420
007135
005375
000534
002560
002073
001910
000664
007267
004235
007955
007476
003601
003152
009235
002840
006544
004393
007047
009498
007428
004305
000179
002467
000881
007335
008343
007229
006147
003944
008198
007628
003030
003212
003434
001123
004431
002793
001169
008897
001569
005354
000437
001461
008540
009340
000076
008711
006137
003812
003771
005774
004476
008677
009390
001602
009103
007044
005898
009010
007860
001601
007630
008574
009061
008515
007896
006969
007893
004734
006481
003985
001153
004410
005711
006414
009903
008183
009211
009696
007632
005548
006879
006552
008373
000137
001871
006851
009302
001974
000375
003769
004251
002731
001667
000013
008761
000640
000314
007406
002568
002111
001687
007453
009669
007306
005009
004442
007357
005982
008603
006246
002883
006008
008193
009311
007716
005659
006331
002553
004663
002897
004637
001476
007091
004511
005476
004764
001506
000226
002438
001035
008273
008432
005317
007136
009367
000098
001715
008227
007882
006649
004460
004413
007783
002551
004288
009294
002902
007024
007661
001353
003018
005227
004050
006057
005737
008938
005100
009274
003087
002839
004534
002449
002473
004858
007199
004678
000377
005234
001377
006812
002685
004422
002511
001253
001762
000139
002356
008162
005802
005663
004934
002509
004774
008058
007623
004594
001308
004206
001710
003482
000128
007501
001916
001114
007598
002802
006898
007286
008895
009074
003900
009538
001652
004871
009426
007469
005725
002592
009552
003952
003423
002200
001639
006955
000300
006478
000330
008708
004021
002674
004099
003160
004894
007010
004969
003962
003246
007764
003776
005957
009264
001811
007319
005632
008650
000784
008353
007251
003393
002936
003388
005525
009892
001096
006780
000504
004036
008097
004126
003221
007005
004097
004063
000692
003617
003136
003813
004665
002964
002143
009631
000422
000191
005401
000749
007186
008480
007879
002985
000168
006087
000527
003099
003478
008170
001282
003933
002250
001070
009115
001313
007627
006752
001399
003816
003624
006854
001394
009725
009936
004151
006064
002078
000004
006287
001031
007328
000361
001534
003275
000414
007625
008590
001080
001474
005243
005139
009590
002687
007494
007096
008569
009783
001190
008510
000003
000313
000650
000376
003480
001620
008866
002402
000968
006528
005797
006798
002103
000529
005091
007972
004915
000775
001038
002506
008378
007992
005295
003761
006525
009130
005555
004453
002650
009025
008476
005694
009893
003141
000584
008486
005907
006754
002395
007752
005857
000442
008842
000864
006680
008217
009663
002823
005500
001613
001380
009624
001357
002029
008221
006954
004942
006980
002982
008358
004267
006737
002203
001419
008857
006378
003426
000497
007978
007257
006975
006937
007442
006345
001570
001021
005399
009478
007701
001913
007811
008479
008276
007337
000216
004739
009083
005949
003257
000701
007556
009626
001779
000467
000254
004893
007395
005804
006558
003540
007785
008371
007198
000248
006393
005083
007171
002955
007800
001968
004475
001342
000715
008077
004965
003600
008111
004695
005046
006340
009176
004766
001848
002808
004580
004415
002487
006644
002821
008489
009506
008697
008030
008380
009139
001672
006496
006303
006115
009088
006432
008928
009050
001049
001572
000393
001764
007464
005844
004090
000339
007861
002849
007407
007320
002640
005043
009803
008660
004373
004412
007463
002408
000542
006015
005886
009570
003693
006439
007522
000909
003730
000295
000145
008041
000488
005944
006978
009328
005447
001054
004696
005446
009648
005785
002507
005409
005869
004497
007700
001909
009856
002661
008070
003329
007874
008488
002780
004721
007102
001657
002159
008767
001712
005366
008777
005816
001863
004180
002422
004332
009363
000360
009948
007315
007582
006106
004240
009806
004381
002580
000835
006992
005540
001996
001295
007366
008579
000683
003139
005275
004026
001867
003372
001540
003904
004217
009038
005622
003041
003881
002240
007934
005638
006675
001046
004416
004004
007817
001189
001857
001355
004583
006257
007434
005041
000819
005010
004921
008599
008473
002614
001815
005272
006169
005166
004022
002681
004677
002092
003747
001993
009952
003237
006040
007689
005941
006741
009672
001990
000914
000557
001338
000809
008912
004533
007157
003431
009599
002522
003319
009280
004862
009253
001955
001081
007669
003447
006921
001216
006244
001446
002770
005294
006928
005300
009847
007293
007904
004041
000706
000668
008827
006127
001975
001621
005005
006360
005837
006790
004362
004759
003875
005182
000502
007253
007111
000149
009352
003387
002137
003281
005187
005468
001447
006809
009820
003739
005342
006537
000995
000576
002338
002761
006031
005598
002252
006200
002118
005900
000870
005506
007362
005872
006720
008946
003208
009095
009052
002398
008925
009395
006586
004414
000155
001425
001459
007246
007739
004930
004740
008304
004234
008652
006996
003978
008543
005313
003502
007324
002843
008155
001088
003571
007265
008672
007386
006792
005792
003799
002295
001063
006109
000940
009435
004225
005316
004619
002644
009697
006712
003925
003314
005376
000747
007641
001589
003756
004989
001646
006402
003073
003746
003822
006889
000642
009714
003317
000185
001126
003720
007380
007221
007903
000623
000175
001415
003906
000364
006138
008463
003598
006313
006194
000507
008314
007562
005808
003187
004252
005449
008609
000963
002357
009953
001235
001997
003405
000135
001423
008071
007358
006926
004941
001099
009137
005040
004417
005120
003999
000385
001891
002530
004115
007355
005302
003046
001560
009222
004865
007196
001329
006863
000487
008157
005513
003526
002878
000166
000636
000062
002035
004161
000058
005119
006283
004949
008567
009396
007870
009779
005334
007982
003043
005184
006368
009771
003026
009612
008877
003787
007892
001376
004635
009690
009057
006401
003119
005015
009233
005459
000144
009547
000751
006834
006122
007830
002138
003631
001100
001575
004177
004394
003104
002671
007747
008120
003547
003276
008119
002550
004043
007237
006093
008309
009317
006186
000475
007030
008464
007938
008875
002799
007514
000199
007550
003198
005490
005241
008797
001924
008347
001619
001398
001118
004335
001578
003560
001471
005425
006365
001303
009817
008763
006426
009380
004531
002229
007053
004918
007281
002622
004216
003559
001301
006273
008853
001503
002541
001851
002005
002822
002623
002663
009415
004427
002322
006895
000315
002607
005308
000351
003457
009682
006165
000532
002447
009404
004467
007858
008124
004729
008611
001087
004445
001366
006589
004881
008474
006516
006957
008643
001462
000704
009583
003222
005149
006143
007103
009101
008787
006998
008906
005767
000561
008018
006052
001244
005913
004744
000434
007894
006326
001257
002532
001134
008337
005754
003633
005567
003744
006527
007708
003719
007127
003534
007529
008734
005247
001992
003916
001177
006343
004444
001403
005651
003951
001007
004620
005776
007796
007930
007707
003459
006540
009320
000994
000495
005155
002601
004213
005795
002528
005503
005692
003581
005437
003381
005994
000790
008277
004001
005228
000956
008918
007548
005504
004029
004822
007368
001865
005842
003289
004824
002380
007051
001108
005865
004056
009811
007430
005936
004276
005666
004465
007825
000624
000824
003498
008593
009381
000273
004336
000213
003389
003014
000458
000455
002326
002312
007069
004181
002959
006494
008278
008126
009640
004207
008661
005031
009876
001448
003483
000960
001358
004320
004980
004752
006757
008812
001331
003153
003312
005299
008803
005137
001507
003131
004892
004184
009731
000015
003197
005712
004159
003472
006082
006607
000840
009077
006336
006960
004586
006871
008986
003345
002365
006294
007231
000074
004032
009165
007415
001635
008092
001965
004473
000398
003602
008870
003251
005070
007802
009003
001979
005717
008689
003829
009154
006870
006721
003557
008020
001401
009207
008782
004383
002980
005581
003019
004640
000348
004610
003738
006897
006063
006397
001776
007589
005164
009812
004302
001090
003702
007645
008393
008646
005232
008298
003909
006651
002390
006967
003858
007456
005823
000293
006347
003914
007061
006514
007737
003538
003533
002071
002813
002430
003091
006504
007766
006728
004222
004763
004074
008399
008350
005400
004176
004088
001763
008972
001692
001135
006701
007620
006816
001354
006650
004513
002344
004855
009928
006415
001883
005216
005626
005492
009843
000100
008547
006017
003291
006312
009431
007107
001998
002587
004874
003340
002909
007912
003619
009047
004598
006801
007240
008325
004172
009594
009561
002133
009260
004557
001844
009231
008868
007942
007895
006567
007891
008591
002712
003182
003882
007573
009861
007316
006471
006795
000341
002927
002009
007553
009589
005030
002106
009427
009001
000687
005021
007771
001477
002258
001549
006811
002758
003668
004334
004716
001819
004248
001709
000762
001306
007360
003878
009482
009305
006936
008949
002406
001599
007499
007917
006388
005931
002620
005126
004044
001743
004944
007142
009854
000432
001339
007290
000781
001722
005266
004741
005034
000426
002597
006452
009818
005892
003897
003764
001696
008863
001034
006048
003235
003454
003375
002162
000990
003414
003084
003101
001473
000578
009753
001440
008657
009219
006407
005333
006317
003144
003682
006068
009366
006154
005987
002499
004175
000022
003718
009450
009910
009453
000124
007787
002856
007412
002726
003446
009109
006092
008818
008436
007181
004462
004319
009683
004933
000517
000335
006399
003346
000679
006039
002309
003060
003193
006083
001873
002846
001796
007774
000638
003649
004791
000932
009901
004697
004733
008861
002115
006620
006942
000957
008078
008915
000237
002871
003903
008627
003736
000718
008420
001188
007520
007516
004908
001179
007013
001351
001249
003666
005883
003055
007676
008869
000703
000836
008369
004884
009021
009739
001218
003148
008143
009530
006491
007907
003686
003825
005689
000301
003716
009705
004780
002296
003310
004425
009853
006231
005194
004197
002121
002908
006242
000478
003661
004645
001770
009319
000856
005180
009416
008795
007342
003306
008412
005656
008746
008528
002819
004268
009376
007201
009241
003049
001698
007333
002079
003172
000188
003168
008724
001605
001625
003801
008028
001000
002351
009056
007264
005265
005847
002177
002991
000094
002754
005301
004297
000182
007218
001044
000866
009838
001417
007399
008264
001592
006239
007807
007539
007973
008192
001163
009572
007852
000659
009643
005250
001984
005282
003071
001037
008471
003490
009372
009012
005557
005739
006526
000253
000383
000493
002399
009345
009266
003315
007832
005059
007176
009442
005833
002996
007806
002327
002164
000006
002144
004717
006193
008729
004418
001949
001658
005458
000669
003778
005132
004945
001706
005570
004055
001271
004757
000839
000011
002128
001243
006601
008545
009262
008257
006941
002299
003366
009356
003922
009514
008548
003230
004541
007652
005251
004806
005095
001535
005945
003220
001817
005809
006787
005069
005751
007055
007145
006006
000942
009784
004306
004342
005962
005635
009750
007001
002624
000378
002574
003543
003460
009321
000969
009544
003277
008830
005986
003527
001025
004664
009766
003378
000126
002110
009912
000280
005871
009492
009335
005965
006563
008330
004756
005967
003989
002339
002911
003850
004568
003132
004917
007962
007423
001193
000415
004182
001670
007929
008455
004738
004107
003322
009736
003427
001202
007272
000157
008123
008289
009827
002440
005341
004353
007232
004024
005675
000593
005289
000643
005335
007587
008780
007591
003545
000510
009677
007541
009844
006266
005178
008673
008080
000560
006820
005484
005271
006410
001407
004667
000260
005955
008266
005213
009595
000119
008700
005452
001943
006764
002536
004543
001283
006629
007560
002485
007588
008505
001411
002113
000603
006460
006665
000025
000429
006333
002003
007532
003976
002314
003615
004582
001111
005553
007684
007155
006502
000734
009188
003501
004603
008255
009675
008207
008554
008996
002825
001587
003934
008631
005494
008065
004795
006915
009369
004406
007393
002379
002701
008148
005753
002837
006390
003595
006408
000284
003295
004038
006207
009727
005587
004870
003852
000743
006311
007026
007599
005778
004173
004731
003880
004348
000568
001319
004914
005444
009338
009275
008496
008658
007703
008984
002750
002274
008366
003888
007353
003248
009093
003802
008308
007710
001839
007500
005572
007192
000585
009171
000708
007681
001674
005048
003873
008156
001213
009017
005999
007000
005076
006298
007202
008013
004749
002903
008114
004996
004888
005595
008045
009370
004068
006776
004094
008025
008237
002225
000998
004864
006979
004578
008134
006467
006788
002538
001889
004482
005491
001219
001624
009228
002656
004720
000673
008852
000634
006334
004546
004357
005412
006263
003143
002048
007188
002970
009914
002294
007405
004567
003968
009899
007303
002127
003766
007282
003033
007354
004071
001803
000984
008249
002245
007099
009267
008544
008147
003203
009092
004156
009044
005820
002421
008736
004363
003867
001967
000423
000466
004811
009505
007233
002557
003504
008616
006568
008570
001583
000913
006881
004388
001095
005619
000160
007784
008566
008102
001659
008922
004199
008693
009467
003583
008626
000316
004564
000481
009341
009493
002008
004243
000116
008016
008575
009486
001666
003573
006904
002892
003206
004589
006195
007580
000028
003724
002604
005240
004343
003321
009069
005594
009449
009495
003853
009124
000151
009680
000086
002516
005933
000399
002175
003358
002336
007512
002418
002469
004289
005200
000264
007690
008428
006002
008851
006110
002805
005188
009444
000611
004045
006985
002951
007455
005976
000049
005891
001458
008392
003481
002416
003167
007017
005929
004762
004309
006297
004745
004236
008902
003036
002531
005296
008634
001508
006118
009084
000178
004285
008825
007644
008404
008274
001573
005862
004529
008630
008832
006489
004081
000291
000353
007794
001600
000402
003050
001808
000092
000010
004114
001921
001317
000884
006746
006656
000279
001264
002961
004233
004086
003123
000655
007593
005154
000397
000571
009067
002700
002358
009135
008395
004889
006775
001429
004709
009146
003839
009229
006389
006615
002905
000983
000678
008619
001961
002925
005835
003467
004772
006592
004880
000844
002787
007452
005904
005801
009355
008493
000666
002360
008230
000267
000456
000281
009046
005088
006964
007367
008779
009503
009919
006555
002876
009081
008696
007922
009821
008239
005123
001456
006435
001195
009651
008637
003942
002742
009452
003676
002254
001141
007087
008560
003741
008411
007686
000090
000327
009040
005211
009742
003908
008214
005880
008555
000247
008233
001320
000553
008401
007981
002453
001222
001645
009090
002652
002974
009723
003494
002981
008383
001773
002828
002100
005623
006997
001469
004477
002824
005117
003563
008622
002949
004116
006580
004147
001935
003707
006498
004125
001897
008668
001435
004134
005394
003794
005428
005386
007377
007083
000975
006237
008050
009564
002877
001812
000196
006431
004007
007557
003955
006053
005017
005772
008992
005460
002583
009364
003967
001769
007397
007839
000587
006199
005309
008000
009934
003326
005866
002887
001631
003156
004829
000457
005665
000287
001155
007801
000071
006228
000152
006700
006383
002983
007364
003238
009265
004769
009473
008507
004713
001814
003241
003048
001117
003128
004420
008808
007851
001422
003647
008829
002998
002429
006991
006302
008408
000945
001969
007137
008271
003180
001132
006500
006745
006461
003288
003151
007944
006019
005545
002412
003841
008291
005937
001412
009385
001804
004560
001852
004002
000986
008546
005575
005646
009322
007209
009125
006724
003095
005759
000031
007693
005347
008081
003959
008234
004919
001567
001822
009234
004049
005546
002888
005463
004704
006373
009768
005915
008947
006293
006332
002773
008113
008135
008666
006380
003333
004787
006076
007278
004803
004730
004978
003843
009933
004079
005707
001820
000606
007695
005543
008552
001232
001648
006518
008303
003475
002999
001513
006986
009140
001381
001519
002032
009118
000357
002148
009769
008860
001908
007634
004337
003542
007143
007949
003067
005627
000614
006132
004821
007995
002753
000773
004245
007993
003357
007161
006925
000721
008286
009258
008594
002972
002122
004629
004525
008352
005025
000567
005473
007094
005477
005969
005044
008240
001702
001905
009962
002426
004124
009256
008904
003800
005142
009127
004847
001374
009759
001489
003785
002131
002053
009521
009787
003930
005422
002205
007823
008774
002149
004981
008950
009890
007596
000813
009346
007034
004820
002217
008641
006324
006591
002216
001681
008844
003158
000239
005533
007770
007450
009170
004639
008056
006659
008532
006517
000388
006364
007160
008460
006686
004545
001305
006756
005252
004621
006405
001829
009625
008887
009604
004767
006356
009041
005798
006539
007602
008259
008894
002150
001032
000759
004027
000212
007348
006982
007203
003302
002185
009885
000421
000201
007613
000944
002890
007952
001416
008195
007015
006413
003677
000811
003641
008011
008073
006977
003080
004887
009344
009770
007778
009593
003209
007277
008678
001701
004154
003715
004448
005882
001055
002464
000765
003081
007226
004377
003402
001694
005442
009921
005972
008038
008481
005105
007726
002527
003347
004666
007990
002428
007788
008991
007496
006837
003929
009226
004932
000539
004160
005667
005356
004736
000861
003332
009383
002235
005787
000412
006049
008491
005935
006710
004771
001547
007719
008520
002325
003052
004059
003486
007304
001884
000890
002147
007827
001392
002752
003553
001431
007985
005634
005939
002850
006715
000342
006513
009559
001410
008703
004561
004098
002928
007936
000621
003068
005532
008421
000252
002346
001596
006047
001835
002059
006857
000366
003432
006905
006875
000853
006167
002503
004214
000401
001705
007169
002072
003579
005807
009243
007268
001552
004638
003893
006634
003630
004260
009906
009539
002576
005233
001023
001094
007444
004971
006566
001013
007744
009120
000365
004817
008974
001005
004385
001242
009840
008194
007837
002018
009791
000727
002581
008110
009846
008182
000080
006094
007116
002945
001550
008903
003232
002097
007170
001735
004378
005066
009814
000452
004860
002743
006278
002475
000097
006984
002852
009760
008662
002921
008719
002211
007206
006173
009556
002397
002694
009922
004330
004157
005556
003512
006779
009525
000055
000409
004198
009592
002993
000976
002341
008367
006535
001751
006152
000473
003022
000258
005734
009866
008406
000594
001859
003726
008247
005750
007846
008679
000204
009793
007871
008889
008882
009744
007175
006307
003115
002781
009633
009225
008537
004188
003851
007151
003166
004167
000737
000202
005488
009423
004218
009907
003109
001340
003353
003610
006372
001615
001167
006457
002230
005771
000479
002612
009909
001917
007927
006197
001737
000833
004072
000384
005953
006888
006024
009065
008290
007349
002857
008448
006477
009916
009943
007447
005098
007722
002432
008714
000075
004698
007604
009722
004153
008583
001890
000925
004979
008196
006669
007816
000569
005109
007674
004344
001116
006763
007608
009076
000255
008099
003267
008781
005000
002167
008027
001879
008145
004909
003833
003607
009728
005286
003670
008178
006559
008417
008623
004328
000924
007789
003309
000310
003125
005810
001220
003190
009582
007291
001991
002686
003737
008215
000978
002861
009708
002383
002304
002017
009607
007248
001131
007340
008344
004238
001942
002608
008382
009217
007332
003927
009008
002769
000580
000939
004084
001616
000596
008959
009134
006573
005140
007352
002283
008589
009925
000959
007569
004350
007545
002885
008640
009581
003582
006072
006086
007488
008527
008379
008681
001318
004804
000953
003931
002081
009895
001637
003174
002832
008735
006232
000970
007554
004925
006056
007508
004162
006112
006403
000745
000436
001438
008396
006370
005279
001900
006688
008899
001058
003298
007220
009054
004096
005650
007609
001115
003059
000176
000008
000533
002948
005551
008993
005766
002692
001396
004615
006913
005758
003723
001291
002789
009026
009216
001956
003263
006157
005096
004179
007728
003775
008578
005133
007635
008501
007577
003463
005733
001262
006453
000735
005670
005432
007037
004472
006946
005106
001516
004030
005832
009829
004851
004899
002860
000043
007391
002748
009403
000897
005049
008531
001454
002792
009642
004575
006213
002189
001774
001959
007178
005724
005112
007757
000027
005074
003687
009329
008104
003975
002289
004208
000795
007392
005890
000658
003572
002756
001744
004070
006511
004101
002316
008828
002010
002424
003590
002904
008625
007616
002526
007966
003471
008010
002050
003981
008407
005746
000405
003265
004155
007969
003012
006692
002863
005726
000485
006901
002242
004048
002853
009536
003910
005196
006255
000195
001986
004641
003659
006742
000766
006604
005916
005793
004316
005709
007567
001165
000392
009924
001356
008066
004165
002026
007487
003507
009387
009555
004819
004726
000607
005207
000586
005501
005002
006843
003029
005846
007583
002084
003894
000981
004402
003520
007769
005329
008447
004599
009826
005688
007082
007849
006253
006099
005038
001826
004006
002809
001040
005822
008046
002874
009930
006630
007063
007986
007067
008088
002484
006693
000757
002739
007238
002297
003264
008855
001076
005977
000905
006505
003428
004408
001783
003040
002033
001823
008094
003448
006646
006594
008740
007734
008331
008154
001533
003892
007066
004521
002246
001704
008705
006999
009798
002455
001794
008172
009891
005147
007115
001983
004617
006508
005162
005628
006446
004144
003558
000894
002028
003940
005661
006744
002107
000265
008613
006685
004900
006205
002130
000779
004590
004399
003928
005534
008283
006531
003113
004577
000057
002814
003733
001173
007717
005958
000040
003757
006758
008128
002711
003473
003283
007738
001679
000029
007287
006423
001238
001786
005896
000723
007426
008901
008508
000068
004461
005621
001874
009436
004308
003902
008459
009889
004802
009314
008035
001753
000551
004784
006713
000933
004883
000368
002631
006248
008792
004112
004700
002797
009075
009646
001369
001791
008414
006044
007659
000875
008377
006546
009645
009257
005051
002708
002894
004844
008629
008845
009261
003114
001285
008021
004340
003613
006581
005721
003400
005973
003742
004614
000274
004957
008656
007312
008243
001255
005321
001373
008907
006051
004428
002154
002062
009610
006796
006160
007254
006022
000082
003823
003532
006379
000629
001256
006226
000877
000505
000345
000769
009198
006394
006743
003352
004646
001495
006013
006817
001210
007190
006510
008694
009096
002303
009485
006655
005364
000801
007961
008287
005596
007698
009501
007948
006541
005748
009107
008165
000326
004964
001893
007495
000358
009927
004608
009635
008998
001059
003287
003901
005558
001697
009622
000106
003438
005834
002388
003653
003883
004684
003070
008181
008256
002160
006361
005649
001372
005426
001919
002077
001947
007918
008267
004681
004183
006114
003266
009548
001700
009143
009937
000181
008807
005377
005745
008402
008487
002719
004536
001003
000045
001655
001297
002997
006832
003476
005221
002950
001349
002301
002262
002075
009873
008751
004254
007403
004642
002872
000444
001228
002319
001370
002629
000217
003517
007518
007850
002044
002394
000602
003544
000127
005255
007756
003318
000286
007341
009662
000744
003652
006454
002431
001925
000346
002292
004593
008006
002046
004602
003515
003411
004398
005571
007967
002222
007420
000778
007867
001198
006384
000696
007418
008565
000148
008047
008684
006853
006469
005887
001644
006142
008649
000390
009310
005474
000521
004262
007531
001585
002602
002724
006308
001197
007818
000792
008525
004109
002087
005276
000652
002729
004810
002716
006907
009915
004920
002080
008648
004480
007060
003079
002660
001629
002736
005359
001208
004210
008834
007485
001347
007706
002495
006885
001886
004755
006149
005978
001122
005403
004798
008642
007552
000941
000290
006358
001634
008956
000172
008451
009522
009447
002396
005249
007098
000067
009033
000600
007957
001227
001276
009164
006204
000084
007761
008245
008357
000789
003943
000056
003445
004000
007549
005372
008324
005770
006608
001065
006271
009957
004947
002577
008059
006521
002231
000574
005392
009400
004988
009102
000445
001792
001866
003768
001391
009529
008737
002271
009630
001223
005197
001731
007378
009122
008964
004123
003227
006815
000852
008632
007714
000511
007643
004443
009028
006767
007124
001838
008712
005080
006085
008201
001748
003305
005925
001740
005643
007012
009513
006310
007404
005482
008418
001138
008356
006037
001030
005493
000674
002173
006359
007730
005942
002386
002013
009674
008446
003234
002349
006059
003297
001591
007371
000724
007126
005151
000115
004469
007440
001868
003804
001626
007382
002746
006872
001760
003016
006144
007875
006778
002865
007339
009673
007252
005480
005235
004688
001584
009248
002651
007179
004711
007057
005324
003505
004975
007617
002790
007307
001606
006533
004633
006793
000883
000231
001098
004522
000651
006785
006717
008821
001953
005256
005092
005022
006322
000907
003286
004853
005516
005690
001525
000783
009578
003789
008354
003488
008659
004970
001505
008022
007019
009509
004478
003650
002818
002630
009795
007262
000283
001500
002922
002317
003111
004299
004503
009837
009199
005561
001641
000418
001671
009011
006280
001067
004505
000627
004104
007119
000646
006856
007401
002275
003755
001322
007242
005053
007120
006113
009240
002728
001424
002052
007564
008328
002498
004703
008205
000197
000922
005512
006683
005357
007326
007505
002831
008957
005089
006774
001665
006145
006826
009263
005498
009009
004491
004712
006732
001914
000546
005103
005456
005612
007273
001623
001296
007597
004813
000858
009715
001742
003980
000449
004923
004202
004435
004501
002060
005464
000369
000572
001581
001831
007638
005443
004616
005855
008500
006923
005323
002764
002198
002573
009931
007607
006081
004166
003762
009511
001085
000205
009602
003328
003535
000440
002463
000719
009190
006723
004556
008441
009951
004407
000617
005466
004447
005198
008348
001745
004758
003765
009694
004083
001128
006920
001251
009104
003626
008893
000910
002979
001217
004065
007822
005332
008721
000985
007288
004018
006571
009292
005993
008136
006354
008994
008419
004419
000741
005280
008246
008176
007310
009751
006010
008184
008778
004127
004227
009652
000038
005172
002882
009014
005681
000955
006600
001546
008034
005703
005099
009297
008288
003884
002161
006770
007195
007269
000447
002057
007848
001180
008206
003268
006771
005722
007173
004119
004547
001880
003245
000930
006561
003399
001926
007462
003862
009777
004358
004515
008052
006075
002806
001181
005671
000722
000054
003561
006191
005642
004277
009182
008109
008551
000490
005950
000869
006126
001939
001663
007110
006929
005602
003836
000938
009451
000893
009384
006292
003348
007988
005237
000841
003531
007131
004324
005562
003917
003020
001437
005019
009802
008185
004426
009960
003456
003689
007658
001022
002239
008941
009606
006121
008149
000670
000548
005848
000556
005174
003440
009158
005115
000716
002016
002381
008375
006090
001075
009775
003728
005902
006034
000817
005565
002638
002141
004451
003217
003977
007317
004901
009201
009152
004624
004219
001089
007429
004724
008704
003513
008850
003584
009110
008161
004294
000271
001668
003097
002074
008321
007345
005362
007733
007610
008881
001162
009293
002626
008685
007255
009657
000901
001335
000333
009741
008238
005684
008846
000916
002733
007402
005165
001813
005763
004314
000111
005523
003701
001478
001382
008664
001530
003964
009353
009277
003173
008577
000001
004891
002777
000891
005607
000386
004483
007081
002771
006050
000974
003409
005827
002168
006640
005075
007829
004118
003368
001824
008707
002788
000114
002679
008054
001344
001542
007542
008758
007387
001275
000234
006416
005597
003191
009031
009835
009276
004927
009929
001520
009030
006342
007805
005225
002616
006807
008804
003479
002610
005060
008605
000362
001389
006016
002596
005361
008824
001105
007725
009425
007750
005127
003745
004062
006894
009554
001518
006733
003665
004670
001798
002227
001987
007782
003568
005800
006830
008597
009632
008305
006639
009569
000085
005204
006178
009471
001923
008363
007504
008133
009616
006316
008963
004128
001039
004486
008600
003672
004516
000631
007665
001695
007797
005141
009563
000240
008924
008786
007741
003278
008816
000183
008242
001527
002286
000803
001895
003958
000018
006729
002521
000639
006818
002488
006596
001869
006663
002971
002862
004103
007228
006406
000697
005673
002588
003364
009574
007646
001278
003840
005966
002157
001452
005206
007379
001379
000630
004261
002474
008129
006054
009441
001006
009474
006711
001159
006077
005946
004249
000562
008864
001321
008538
003972
003384
008614
006007
007651
006155
006598
004317
006327
009788
005435
000037
002895
003995
005537
006288
008820
001150
005849
005698
002434
003010
003394
000230
006882
005677
009391
002414
003334
005616
001719
002562
002119
008090
000807
001178
006574
006676
001157
005082
000512
006522
001728
002400
009553
001564
001664
005125
008361
000053
006119
008651
009665
007842
001850
004690
003782
002639
008497
007384
001511
008789
000350
008490
004301
000736
002556
001280
005932
001146
002515
006613
003474
003712
007913
006831
009402
007994
005708
005012
000928
000732
006582
002264
005050
006846
003503
000758
006624
000238
004485
001368
005876
004366
004661
008179
008339
000595
003196
001033
007780
009510
001885
002575
005921
008228
003096
009653
004861
004559
008231
008212
001363
005291
004659
007158
003371
004226
006662
009601
004906
004506
009111
007207
002582
005261
007183
002665
002510
005974
005118
005580
007400
000698
002243
007309
001609
001139
004854
006036
007792
002065
000319
005238
002703
003938
003171
004775
007156
006479
006614
003037
008457
003815
005148
001805
003437
000105
003001
000662
007515
007492
000277
003731
001946
001252
004311
008682
004449
005193
003591
008362
009752
004313
001988
001656
002830
003819
002223
009765
007331
005205
006590
005617
006116
001790
000069
005997
001367
007941
006891
009301
001267
000002
008785
002446
000952
002655
006927
008131
003514
009628
004827
001951
001336
004395
009824
002093
001016
000186
006623
007032
008431
002204
009956
008896
001433
006441
008014
004835
000261
002570
000961
007835
004278
008003
007755
001767
009483
004572
000243
001716
000206
001261
009782
002389
009740
008511
007225
007409
008675
009300
006003
002900
003570
002926
009023
001562
006993
002206
003130
007507
009799
009304
003710
002076
003683
008765
009757
002619
006804
003832
004130
009730
006902
000821
007804
000988
004211
006386
003225
007759
005152
008686
008039
005011
005170
002725
005008
002195
006032
007636
008516
007027
004374
001019
007584
000536
003485
002298
000798
008405
009639
001856
009167
008439
004952
000371
001245
006376
003592
008152
001876
009332
009850
001428
001183
001482
009013
009608
006315
005922
004456
009379
004078
003734
002282
006217
006749
003075
003249
004668
004355
008800
008089
006487
004765
004061
000324
003201
002898
009203
000573
009704
008981
000103
003569
008334
004728
004042
004401
004751
006970
007711
002642
005415
008187
006938
002188
009661
006642
008674
007085
005381
006974
004250
002353
003552
008055
000441
003215
004613
000691
004569
001047
005927
003495
005924
003692
004922
003342
002489
